[indoor_localize] ICP fit score: 0.196461
[indoor_localize] The icp.trans is 
  0.0353073   -0.999376 -0.00186122  -0.0134529
   0.999326   0.0352869   0.0102122 -0.00174695
 -0.0101401 -0.00222055    0.999947  0.00751265
          0           0           0           1
[indoor_localize] ICP fit score: 0.170182
[indoor_localize] The icp.trans is 
  0.0351134   -0.999384 -0.00151016  -0.0133845
   0.999339   0.0350978  0.00954131  -0.0014806
-0.00948239 -0.00184421    0.999954  0.00729261
          0           0           0           1
[indoor_localize] ICP fit score: 0.171633
[indoor_localize] The icp.trans is 
   0.0352508     -0.99938  -0.00107338   -0.0158624
    0.999346    0.0352412   0.00826383 -0.000946416
 -0.00822084  -0.00136401     0.999967   0.00657838
           0            0            0            1
[indoor_localize] ICP fit score: 0.147977
[indoor_localize] The icp.trans is 
    0.034538    -0.999404  -0.00164516   -0.0151257
    0.999375     0.034525   0.00764723 -0.000177023
 -0.00758584  -0.00190827     0.999971   0.00779924
           0            0            0            1
[indoor_localize] ICP fit score: 0.121334
[indoor_localize] The icp.trans is 
   0.0336726    -0.999434  -0.00117404   -0.0134844
    0.999408    0.0336639   0.00718409 -0.000295125
 -0.00714047  -0.00141525     0.999975    0.0077302
           0            0            0            1
[indoor_localize] ICP fit score: 0.0671314
[indoor_localize] The icp.trans is 
   0.0340013    -0.999424 -0.000705033  -0.00971179
    0.999399    0.0339962   0.00688903 -0.000846411
 -0.00686102 -0.000938851     0.999977   0.00856766
           0            0            0            1
[indoor_localize] ICP fit score: 0.0939823
[indoor_localize] The icp.trans is 
  0.0339055   -0.999426 -0.00137192 -0.00993806
   0.999403   0.0338959  0.00679965 -0.00144014
-0.00674917 -0.00160165    0.999977    0.009089
          0           0           0           1
[indoor_localize] ICP fit score: 0.0933357
[indoor_localize] The icp.trans is 
  0.0340042   -0.999423 -0.00104523  -0.0104382
   0.999402   0.0339972  0.00649584 -0.00286564
-0.00645648 -0.00126549     0.99998  0.00808102
          0           0           0           1
[indoor_localize] ICP fit score: 0.0946965
[indoor_localize] The icp.trans is 
  0.0343236   -0.999411 -0.00171694  -0.0118791
   0.999394    0.034313  0.00614432 -0.00370199
 -0.0060817  -0.0019268    0.999981  0.00839921
          0           0           0           1
[indoor_localize] ICP fit score: 0.0957962
[indoor_localize] The icp.trans is 
  0.0344861   -0.999406 -0.00184586  -0.0125786
   0.999388   0.0344748  0.00610824 -0.00416553
-0.00604087 -0.00205538    0.999981  0.00889875
          0           0           0           1
[indoor_localize] ICP fit score: 0.0682324
[indoor_localize] The icp.trans is 
  0.0347455   -0.999398 -0.00127527  -0.0115612
   0.999381   0.0347381  0.00581361 -0.00492809
 -0.0057657  -0.0014765    0.999984  0.00795721
          0           0           0           1
[indoor_localize] ICP fit score: 0.051816
[indoor_localize] The icp.trans is 
   0.0348919    -0.999393 -0.000498803    -0.010714
    0.999377    0.0348892   0.00564591  -0.00625733
 -0.00562497 -0.000695487     0.999986   0.00715754
           0            0            0            1
[indoor_localize] ICP fit score: 0.042251
[indoor_localize] The icp.trans is 
   0.0351069    -0.999386 -0.000351992  -0.00929628
     0.99937    0.0351051   0.00542236  -0.00703867
 -0.00540658 -0.000542133     0.999987   0.00694176
           0            0            0            1
[indoor_localize] ICP fit score: 0.0431072
[indoor_localize] The icp.trans is 
    0.035525    -0.999371 -0.000323362  -0.00918055
    0.999356    0.0355234   0.00534274  -0.00707885
 -0.00532777 -0.000512951     0.999987    0.0071183
           0            0            0            1
[indoor_localize] ICP fit score: 0.08002
[indoor_localize] The icp.trans is 
  0.0351854   -0.999382 -0.00139271  -0.0111628
    0.99937   0.0351783  0.00517929 -0.00756552
-0.00512698 -0.00157407    0.999987   0.0085538
          0           0           0           1
[indoor_localize] ICP fit score: 0.0702808
[indoor_localize] The icp.trans is 
   0.0353872    -0.999376 -0.000958317   -0.0113585
    0.999363    0.0353824   0.00510432  -0.00746209
 -0.00506712  -0.00113835     0.999988   0.00808264
           0            0            0            1
[indoor_localize] ICP fit score: 0.0707338
[indoor_localize] The icp.trans is 
  0.0350904   -0.999386  -0.0011877  -0.0110084
   0.999374   0.0350844  0.00503725 -0.00716191
-0.00499237 -0.00136372    0.999988  0.00844961
          0           0           0           1
[indoor_localize] ICP fit score: 0.0443947
[indoor_localize] The icp.trans is 
  0.0340537   -0.999422 -0.00129192 -0.00750979
    0.99941   0.0340471  0.00509918 -0.00582027
-0.00505211  -0.0014648    0.999988  0.00880962
          0           0           0           1
[indoor_localize] ICP fit score: 0.0448708
[indoor_localize] The icp.trans is 
  0.0341024    -0.99942 -0.00130045 -0.00709477
   0.999409   0.0340958   0.0050545 -0.00524863
-0.00500708 -0.00147205    0.999988  0.00852185
          0           0           0           1
[indoor_localize] ICP fit score: 0.0460189
[indoor_localize] The icp.trans is 
  0.0345228   -0.999405 -0.00155038 -0.00781234
   0.999394   0.0345149  0.00510856 -0.00518011
-0.00505186  -0.0017258    0.999988  0.00908317
          0           0           0           1
[indoor_localize] ICP fit score: 0.0472022
[indoor_localize] The icp.trans is 
  0.0347424   -0.999398 -0.00150754 -0.00821967
   0.999386   0.0347346  0.00513103 -0.00532685
-0.00507542 -0.00168488    0.999988  0.00904845
          0           0           0           1
[indoor_localize] ICP fit score: 0.0480464
[indoor_localize] The icp.trans is 
   0.034726   -0.999398 -0.00173983 -0.00770449
   0.999387   0.0347171  0.00518507 -0.00545489
-0.00512139 -0.00191881    0.999987  0.00971488
          0           0           0           1
[indoor_localize] ICP fit score: 0.0460705
[indoor_localize] The icp.trans is 
  0.0350217   -0.999388 -0.00164065 -0.00691299
   0.999377   0.0350131  0.00522519 -0.00683581
-0.00516439 -0.00182262    0.999987  0.00956084
          0           0           0           1
[indoor_localize] ICP fit score: 0.0418888
[indoor_localize] The icp.trans is 
  0.0357409   -0.999363 -0.00143076 -0.00711306
   0.999352   0.0357336  0.00512727 -0.00745989
 -0.0050727 -0.00161308    0.999988  0.00921096
          0           0           0           1
[indoor_localize] ICP fit score: 0.048512
[indoor_localize] The icp.trans is 
  0.0361277    -0.99935 -0.00124851 -0.00699788
   0.999338   0.0361212  0.00513406  -0.0078026
-0.00508545 -0.00143315    0.999988  0.00926793
          0           0           0           1
[indoor_localize] ICP fit score: 0.0469741
[indoor_localize] The icp.trans is 
  0.0358373   -0.999361 -0.00102088 -0.00697437
   0.999349   0.0358321  0.00505071 -0.00820851
-0.00501071 -0.00120121    0.999989  0.00899557
          0           0           0           1
[indoor_localize] ICP fit score: 0.0220658
[indoor_localize] The icp.trans is 
   0.0339865    -0.999426 -0.000596648  -0.00415683
    0.999413    0.0339834   0.00515943  -0.00720496
 -0.00513601 -0.000771629     0.999988   0.00898763
           0            0            0            1
[indoor_localize] ICP fit score: 0.0472389
[indoor_localize] The icp.trans is 
   0.0322887    -0.999482  -0.00041809  -0.00778352
    0.999471    0.0322869   0.00472653  -0.00538839
 -0.00471035 -0.000570448     0.999991    0.0083656
           0            0            0            1
[indoor_localize] ICP fit score: 0.0223483
[indoor_localize] The icp.trans is 
   0.0277778    -0.999617  -0.00025697  -0.00689565
    0.999607    0.0277768   0.00465493 -0.000716576
  -0.0046458 -0.000386139     0.999991   0.00864656
           0            0            0            1
[indoor_localize] ICP fit score: 0.0232191
[indoor_localize] The icp.trans is 
   0.0209701    -0.999784 -0.000362483   -0.0075742
    0.999771    0.0209685   0.00501206   0.00467782
 -0.00500313 -0.000467448     0.999989   0.00924117
           0            0            0            1
[indoor_localize] ICP fit score: 0.0228914
[indoor_localize] The icp.trans is 
   0.0137978    -0.999908 -0.000106564   -0.0086936
    0.999893    0.0137974   0.00545568    0.0118508
 -0.00545339  -0.00018177     0.999987   0.00878677
           0            0            0            1
[indoor_localize] ICP fit score: 0.0235086
[indoor_localize] The icp.trans is 
 0.00592116   -0.999985 -0.00101975 -0.00538506
   0.999966  0.00591501  0.00637439    0.020424
-0.00636794  -0.0010574    0.999981  0.00999478
          0           0           0           1
[indoor_localize] ICP fit score: 0.0229
[indoor_localize] The icp.trans is 
 -0.00143839           -1 -0.000322818  -0.00598082
    0.999975  -0.00144039   0.00746407    0.0306528
  -0.0074642 -0.000312015     0.999974   0.00964352
           0            0            0            1
[indoor_localize] ICP fit score: 0.0245098
[indoor_localize] The icp.trans is 
-0.00907641   -0.999962 -0.00131543 -0.00679599
   0.999929 -0.00908656  0.00820565   0.0429294
-0.00821693 -0.00124081    0.999968    0.010576
          0           0           0           1
[indoor_localize] ICP fit score: 0.0222727
[indoor_localize] The icp.trans is 
  -0.0138465    -0.999908 -0.000593344  -0.00697205
    0.999872   -0.0138507    0.0085578    0.0511243
 -0.00856487 -0.000474721     0.999965   0.00941675
           0            0            0            1
[indoor_localize] ICP fit score: 0.0191998
[indoor_localize] The icp.trans is 
  -0.0185418    -0.999832 -0.000260569  -0.00639998
    0.999794   -0.0185432   0.00874669    0.0598317
 -0.00874967 -9.82878e-05     0.999964   0.00956434
           0            0            0            1
[indoor_localize] ICP fit score: 0.0264611
[indoor_localize] The icp.trans is 
 -0.0217545   -0.999765 -0.00194337 -0.00754277
   0.999727  -0.0217711  0.00904362   0.0640507
-0.00908343 -0.00174605    0.999959   0.0112966
          0           0           0           1
[indoor_localize] ICP fit score: 0.0221995
[indoor_localize] The icp.trans is 
  -0.0237446    -0.999722 -0.000882748  -0.00743675
    0.999677   -0.0237517   0.00958491    0.0732931
 -0.00960281 -0.000654826     0.999956    0.0110693
           0            0            0            1
[indoor_localize] ICP fit score: 0.0177228
[indoor_localize] The icp.trans is 
 -0.0201592   -0.999801 6.36349e-05 -0.00427804
   0.999761  -0.0201575  0.00904437   0.0821584
-0.00904089 0.000245981    0.999962  0.00948632
          0           0           0           1
[indoor_localize] ICP fit score: 0.0171025
[indoor_localize] The icp.trans is 
 -0.0161647   -0.999873 0.000575011 -0.00426493
   0.999836   -0.016159  0.00875833   0.0863054
-0.00874754 0.000716526    0.999964  0.00901905
          0           0           0           1
[indoor_localize] ICP fit score: 0.0165653
[indoor_localize] The icp.trans is 
 -0.0130762   -0.999918 0.000591653 -0.00230391
   0.999882  -0.0130703  0.00867211   0.0925058
-0.00866326 0.000705059    0.999964   0.0095518
          0           0           0           1
[indoor_localize] ICP fit score: 0.0166675
[indoor_localize] The icp.trans is 
 -0.0100351   -0.999953 0.000341832 -0.00324671
   0.999918  -0.0100316   0.0085702   0.0938169
-0.00856598 0.000427881    0.999965   0.0101923
          0           0           0           1
[indoor_localize] ICP fit score: 0.0164517
[indoor_localize] The icp.trans is 
-0.00339073   -0.999998 0.000675126 -0.00249986
   0.999965 -0.00338477  0.00826799    0.103752
-0.00826524 0.000703255    0.999966    0.010122
          0           0           0           1
[indoor_localize] ICP fit score: 0.0159074
[indoor_localize] The icp.trans is 
 0.00247015          -1   0.0010913 -0.00345848
    0.99997  0.00247877  0.00803107    0.106712
-0.00803331  0.00107153    0.999968  0.00924604
          0           0           0           1
[indoor_localize] ICP fit score: 0.015533
[indoor_localize] The icp.trans is 
 0.00983524   -0.999956  0.00135384 -0.00362876
   0.999931  0.00984471  0.00719783    0.115749
-0.00721034  0.00128307    0.999974  0.00839054
          0           0           0           1
[indoor_localize] ICP fit score: 0.0149719
[indoor_localize] The icp.trans is 
  0.0137533   -0.999908  0.00171451 -0.00576019
   0.999887   0.0137647  0.00700411    0.125919
-0.00702655  0.00161808    0.999974  0.00807839
          0           0           0           1
[indoor_localize] ICP fit score: 0.0146286
[indoor_localize] The icp.trans is 
  0.0185029   -0.999832  0.00179075 -0.00677175
   0.999809   0.0185152  0.00715737    0.131099
-0.00718874   0.0016581    0.999973   0.0085277
          0           0           0           1
[indoor_localize] ICP fit score: 0.0141558
[indoor_localize] The icp.trans is 
  0.0276221   -0.999623  0.00186705 -0.00831822
   0.999604   0.0276335  0.00661245    0.140033
-0.00666083  0.00168382    0.999977  0.00719608
          0           0           0           1
[indoor_localize] ICP fit score: 0.0139305
[indoor_localize] The icp.trans is 
  0.0399076   -0.999209  0.00174515 -0.00730031
   0.999196   0.0399165  0.00581494    0.155873
-0.00587921  0.00151185    0.999982  0.00697058
          0           0           0           1
[indoor_localize] ICP fit score: 0.0136706
[indoor_localize] The icp.trans is 
  0.0507791   -0.998716  0.00188125 -0.00823184
   0.998703   0.0507884  0.00568485    0.174268
-0.00577224  0.00159034    0.999983  0.00627398
          0           0           0           1
[indoor_localize] ICP fit score: 0.0129675
[indoor_localize] The icp.trans is 
    0.05655   -0.998406  0.00206844 -0.00655457
   0.998394   0.0565602  0.00560582    0.193599
-0.00571291  0.00174832    0.999983  0.00600447
          0           0           0           1
[indoor_localize] ICP fit score: 0.0126121
[indoor_localize] The icp.trans is 
  0.0585757   -0.998289  0.00196017 -0.00276955
   0.998277   0.0585852  0.00561634    0.209989
-0.00572062  0.00162797    0.999984   0.0060297
          0           0           0           1
[indoor_localize] ICP fit score: 0.0118034
[indoor_localize] The icp.trans is 
  0.0609354   -0.998149 0.000766071 0.000104882
   0.998142   0.0609375  0.00462109    0.224605
-0.00465824 0.000483247     0.99999  0.00688884
          0           0           0           1
[indoor_localize] ICP fit score: 0.0121435
[indoor_localize] The icp.trans is 
  0.0634838   -0.997991 0.000332823  0.00515243
   0.997987   0.0634834  0.00391293    0.243519
-0.00392513 8.39624e-05    0.999993  0.00685431
          0           0           0           1
[indoor_localize] ICP fit score: 0.0111353
[indoor_localize] The icp.trans is 
  0.0641423    -0.99795 0.000284947  0.00530245
   0.997946   0.0641418  0.00360593      0.2586
-0.00361564 5.33767e-05    0.999994  0.00644737
          0           0           0           1
[indoor_localize] ICP fit score: 0.00972395
[indoor_localize] The icp.trans is 
  0.0640946   -0.997952  0.00162309  0.00439441
    0.99795   0.0640988  0.00348471    0.270845
-0.00358038  0.00139671    0.999993  0.00510678
          0           0           0           1
[indoor_localize] ICP fit score: 0.00926799
[indoor_localize] The icp.trans is 
  0.0647651    -0.99791 0.000813676   0.0052155
   0.997909   0.0647659  0.00290343    0.284804
-0.00294884 0.000624249    0.999996  0.00487553
          0           0           0           1
[indoor_localize] ICP fit score: 0.00860551
[indoor_localize] The icp.trans is 
  0.0637819   -0.997973  0.00141697  0.00618685
   0.997972   0.0637848  0.00308547    0.303137
-0.00316833  0.00121761    0.999996  0.00488657
          0           0           0           1
[indoor_localize] ICP fit score: 0.00784168
[indoor_localize] The icp.trans is 
  0.0601306     -0.9982  0.00108983  0.00631552
   0.998198    0.060133  0.00361335    0.319039
 -0.0036711 0.000870925    0.999995  0.00455238
          0           0           0           1
[indoor_localize] ICP fit score: 0.00784315
[indoor_localize] The icp.trans is 
  0.0554759    -0.99847 0.000701142  0.00660864
   0.998466   0.0554773  0.00381861    0.335299
-0.00385035 0.000488607    0.999994  0.00422363
          0           0           0           1
[indoor_localize] ICP fit score: 0.00788115
[indoor_localize] The icp.trans is 
  0.0511351   -0.998702  0.00114292  0.00770743
   0.998698   0.0511386  0.00406267    0.354494
-0.00411448 0.000934096    0.999994  0.00333393
          0           0           0           1
[indoor_localize] ICP fit score: 0.00788092
[indoor_localize] The icp.trans is 
  0.0463905   -0.998933  0.00100327  0.00978957
   0.998929   0.0463935  0.00403015    0.374358
  -0.004071 0.000815677    0.999993  0.00335102
          0           0           0           1
[indoor_localize] ICP fit score: 0.00711448
[indoor_localize] The icp.trans is 
  0.0417794   -0.999137 0.000775379  0.00999333
   0.999134   0.0417812  0.00413702    0.396163
-0.00416437 0.000602368    0.999993  0.00203875
          0           0           0           1
[indoor_localize] ICP fit score: 0.00762265
[indoor_localize] The icp.trans is 
  0.0388142   -0.999257 0.000748301   0.0109627
   0.999254   0.0388159  0.00401712     0.41263
 -0.0040417 0.000592268    0.999993  0.00247177
          0           0           0           1
[indoor_localize] ICP fit score: 0.00763803
[indoor_localize] The icp.trans is 
  0.0343228   -0.999421 0.000955989   0.0119233
   0.999418   0.0343257  0.00416428    0.428364
-0.00419322 0.000812976    0.999993  0.00228215
          0           0           0           1
[indoor_localize] ICP fit score: 0.00652063
[indoor_localize] The icp.trans is 
  0.0315197   -0.999514  0.00113326   0.0126124
   0.999513   0.0315233  0.00377247    0.442807
-0.00380486   0.0010143    0.999995  0.00181358
          0           0           0           1
[indoor_localize] ICP fit score: 0.00648126
[indoor_localize] The icp.trans is 
  0.0286068   -0.999601 0.000966729   0.0122544
   0.999602   0.0286093  0.00340009    0.461392
-0.00342491 0.000869538    0.999998  0.00167777
          0           0           0           1
[indoor_localize] ICP fit score: 0.00648966
[indoor_localize] The icp.trans is 
  0.0254437   -0.999687 0.000700266   0.0106802
    0.99969   0.0254448  0.00293231    0.476096
-0.00294772 0.000625886           1 0.000926422
          0           0           0           1
[indoor_localize] ICP fit score: 0.00637654
[indoor_localize] The icp.trans is 
  0.0231884   -0.999742 0.000774137   0.0123902
   0.999747   0.0231893  0.00262551    0.492477
-0.00264124 0.000713555           1 0.000743831
          0           0           0           1
[indoor_localize] ICP fit score: 0.00659037
[indoor_localize] The icp.trans is 
  0.0201929   -0.999807 0.000826244   0.0116277
   0.999812   0.0201938  0.00225506    0.510712
-0.00226973 0.000781086           1 0.000480536
          0           0           0           1
[indoor_localize] ICP fit score: 0.00616601
[indoor_localize] The icp.trans is 
   0.0169004    -0.999868  0.000752101    0.0120482
    0.999875    0.0169002   0.00162532     0.527463
 -0.00163626  0.000725032            1 -0.000684208
           0            0            0            1
[indoor_localize] ICP fit score: 0.00613098
[indoor_localize] The icp.trans is 
  0.0143048   -0.999909 0.000808462   0.0109272
   0.999917   0.0143038  0.00140075    0.545896
-0.00141059 0.000788798           1 -0.00123077
          0           0           0           1
[indoor_localize] ICP fit score: 0.00727883
[indoor_localize] The icp.trans is 
  0.0119857    -0.99994 0.000855531   0.0115945
   0.999948    0.011985  0.00103678    0.564971
-0.00104531 0.000843604           1  -0.0013416
          0           0           0           1
[indoor_localize] ICP fit score: 0.00621012
[indoor_localize] The icp.trans is 
   0.0101212     -0.99996  0.000411675    0.0119302
    0.999969      0.01012  0.000991399      0.58176
 -0.00099386  0.000402171            1 -0.000693228
           0            0            0            1
[indoor_localize] ICP fit score: 0.00623181
[indoor_localize] The icp.trans is 
  0.00872195    -0.999974  0.000168875   0.00995844
    0.999983   0.00872069   0.00102677     0.600677
 -0.00102646  0.000160545            1 -0.000243053
           0            0            0            1
[indoor_localize] ICP fit score: 0.00697542
[indoor_localize] The icp.trans is 
  0.00790128     -0.99998   0.00022776    0.0116065
     0.99999   0.00790005   0.00100199     0.614716
 -0.00100205  0.000220445            1 -0.000370298
           0            0            0            1
[indoor_localize] ICP fit score: 0.00754292
[indoor_localize] The icp.trans is 
  0.00819518    -0.999978 -0.000758226    0.0102442
    0.999988   0.00819266    0.0010637     0.630561
  -0.0010557 -0.000766308            1  0.000965724
           0            0            0            1
[indoor_localize] ICP fit score: 0.00870042
[indoor_localize] The icp.trans is 
   0.0092836    -0.999969 -0.000954002    0.0112476
    0.999979   0.00928106  0.000857011     0.647454
-0.000846376 -0.000961296            1   0.00108875
           0            0            0            1
[indoor_localize] ICP fit score: 0.00836213
[indoor_localize] The icp.trans is 
   0.0116557    -0.999945 -0.000826827    0.0116377
    0.999955    0.0116538  0.000696551     0.667722
-0.000685086 -0.000834215            1  0.000738785
           0            0            0            1
[indoor_localize] ICP fit score: 0.00958072
[indoor_localize] The icp.trans is 
   0.0137711    -0.999919 -0.000798063    0.0113889
    0.999929    0.0137696  0.000418432     0.698487
-0.000405502 -0.000802922            1     0.001364
           0            0            0            1
[indoor_localize] ICP fit score: 0.0104745
[indoor_localize] The icp.trans is 
   0.0146552    -0.999906  -0.00186351    0.0121947
    0.999917    0.0146521   0.00102782     0.724182
-0.000998495  -0.00187757            1   0.00288328
           0            0            0            1
[indoor_localize] ICP fit score: 0.0106133
[indoor_localize] The icp.trans is 
  0.0170548   -0.999869 -0.00139909   0.0124591
   0.999877   0.0170498  0.00260517    0.748839
  -0.002579 -0.00144237           1  0.00308963
          0           0           0           1
[indoor_localize] ICP fit score: 0.00959859
[indoor_localize] The icp.trans is 
  0.0213542   -0.999788 -0.00113394   0.0153297
   0.999795   0.0213495  0.00270389    0.773427
-0.00267707 -0.00119047           1   0.0022963
          0           0           0           1
[indoor_localize] ICP fit score: 0.00586083
[indoor_localize] The icp.trans is 
   0.0273091    -0.999644 -0.000801858    0.0148634
    0.999654    0.0273054   0.00179269     0.792071
 -0.00176812 -0.000849594            1   0.00140446
           0            0            0            1
[indoor_localize] ICP fit score: 0.00546561
[indoor_localize] The icp.trans is 
   0.030407   -0.999555 0.000239709   0.0152563
   0.999565   0.0304043   0.0011885    0.813991
-0.00119323 0.000204409     1.00001 0.000184295
          0           0           0           1
[indoor_localize] ICP fit score: 0.00531246
[indoor_localize] The icp.trans is 
   0.0325761    -0.999487  0.000426137     0.015143
    0.999499    0.0325719   0.00042719     0.847749
-0.000438911  0.000412848      1.00001 -5.36604e-05
           0            0            0            1
[indoor_localize] ICP fit score: 0.00624126
[indoor_localize] The icp.trans is 
   0.0363627    -0.999356  0.000501932    0.0126027
    0.999367    0.0363587  0.000264778     0.874755
-0.000280955  0.000492865      1.00001 -0.000568474
           0            0            0            1
[indoor_localize] ICP fit score: 0.0053757
[indoor_localize] The icp.trans is 
   0.0370114    -0.999332  0.000648983    0.0130304
    0.999343    0.0370071  0.000137312     0.895638
-0.000159327  0.000644373      1.00001 -0.000813898
           0            0            0            1
[indoor_localize] ICP fit score: 0.00513074
[indoor_localize] The icp.trans is 
   0.0383126    -0.999283  1.45985e-05     0.011976
    0.999294    0.0383087  0.000223499      0.91519
-0.000222006  6.92637e-06      1.00001 -0.000296989
           0            0            0            1
[indoor_localize] ICP fit score: 0.00487628
[indoor_localize] The icp.trans is 
     0.03938    -0.999243  0.000435126    0.0115501
    0.999253    0.0393758   0.00041391     0.932306
-0.000428837  0.000419376      1.00001 -0.000414397
           0            0            0            1
[indoor_localize] ICP fit score: 0.00522821
[indoor_localize] The icp.trans is 
   0.0401894    -0.999208   0.00186512    0.0109775
    0.999221    0.0401857  0.000524955     0.953206
-0.000597638   0.00184341      1.00001 -0.000822379
           0            0            0            1
[indoor_localize] ICP fit score: 0.00467687
[indoor_localize] The icp.trans is 
   0.0393334    -0.999245 -6.25961e-05    0.0130377
    0.999255    0.0393284  0.000220672     0.969634
-0.000216227 -7.03529e-05      1.00001 -0.000512742
           0            0            0            1
[indoor_localize] ICP fit score: 0.00450825
[indoor_localize] The icp.trans is 
   0.0404465    -0.999202 -0.000713533    0.0118611
    0.999211    0.0404404  6.86961e-05     0.987539
-3.80365e-05 -0.000714737      1.00001 -0.000558299
           0            0            0            1
[indoor_localize] ICP fit score: 0.00446408
[indoor_localize] The icp.trans is 
   0.0419793    -0.999138  -0.00103414   0.00973355
    0.999147    0.0419731 -0.000258244      1.00593
 0.000303069  -0.00102146      1.00001  3.67548e-05
           0            0            0            1
[indoor_localize] ICP fit score: 0.00435519
[indoor_localize] The icp.trans is 
   0.0430062    -0.999095 -0.000822413    0.0117329
    0.999104    0.0429996 -0.000396969      1.02692
 0.000433575 -0.000803601      1.00001  -7.5065e-06
           0            0            0            1
[indoor_localize] ICP fit score: 0.00401571
[indoor_localize] The icp.trans is 
   0.0436237    -0.999068 -0.000525909    0.0130144
    0.999076    0.0436166 -0.000318987      1.05052
 0.000342995 -0.000510643      1.00001 -0.000383092
           0            0            0            1
[indoor_localize] ICP fit score: 0.0041844
[indoor_localize] The icp.trans is 
   0.0440278    -0.999051 -0.000601273    0.0162814
    0.999058    0.0440199  0.000667514      1.07475
-0.000639158 -0.000629354      1.00001   -0.0013347
           0            0            0            1
[indoor_localize] ICP fit score: 0.00418377
[indoor_localize] The icp.trans is 
    0.044882    -0.999013 -0.000595061    0.0184666
     0.99902    0.0448735   0.00149211      1.10177
 -0.00146277 -0.000660858      1.00001  -0.00164447
           0            0            0            1
[indoor_localize] ICP fit score: 0.00389414
[indoor_localize] The icp.trans is 
   0.0462535    -0.998951 -0.000435986      0.01559
    0.998958    0.0462454   0.00102391      1.12987
 -0.00100162 -0.000482474      1.00001  -0.00218118
           0            0            0            1
[indoor_localize] ICP fit score: 0.00399794
[indoor_localize] The icp.trans is 
   0.0478442    -0.998877 -0.000164241    0.0145516
    0.998884    0.0478361  0.000295701      1.15845
-0.000286545 -0.000177791      1.00001  -0.00399576
           0            0            0            1
[indoor_localize] ICP fit score: 0.00374997
[indoor_localize] The icp.trans is 
   0.0491213    -0.998816  0.000258968    0.0160859
    0.998821    0.0491127  0.000245831      1.17891
-0.000257414  0.000246981      1.00001  -0.00462402
           0            0            0            1
[indoor_localize] ICP fit score: 0.00344048
[indoor_localize] The icp.trans is 
   0.0506927    -0.998738  2.30384e-05    0.0162459
    0.998743    0.0506837  0.000498591      1.19666
-0.000498369 -1.83507e-06      1.00001   -0.0037314
           0            0            0            1
[indoor_localize] ICP fit score: 0.00325467
[indoor_localize] The icp.trans is 
   0.0522688    -0.998658 -0.000217618    0.0167256
    0.998662    0.0522594   0.00047388      1.21439
-0.000461161  -0.00024163      1.00002    -0.003127
           0            0            0            1
[indoor_localize] ICP fit score: 0.00292714
[indoor_localize] The icp.trans is 
    0.053323    -0.998603  0.000330321    0.0174942
    0.998606    0.0533136  8.91769e-05      1.23291
-0.000106046  0.000325502      1.00002  -0.00368092
           0            0            0            1
[indoor_localize] ICP fit score: 0.00301759
[indoor_localize] The icp.trans is 
    0.054153    -0.998559  0.000136794    0.0181504
    0.998561    0.0541435  0.000124181       1.2506
-0.000130909  0.000130234      1.00002  -0.00355091
           0            0            0            1
[indoor_localize] ICP fit score: 0.0029746
[indoor_localize] The icp.trans is 
   0.0546354    -0.998533 -0.000358451    0.0180497
    0.998535    0.0546256  0.000696209       1.2683
-0.000675074 -0.000395581      1.00002  -0.00294113
           0            0            0            1
[indoor_localize] ICP fit score: 0.00309978
[indoor_localize] The icp.trans is 
   0.0555648    -0.998481 -0.000327871    0.0167053
    0.998483     0.055555  0.000735645      1.28986
 -0.00071587  -0.00036798      1.00002  -0.00329012
           0            0            0            1
[indoor_localize] ICP fit score: 0.0032155
[indoor_localize] The icp.trans is 
   0.0562797    -0.998442 -0.000359075    0.0159146
    0.998443      0.05627  0.000757534      1.31378
-0.000735717 -0.000400922      1.00002  -0.00493226
           0            0            0            1
[indoor_localize] ICP fit score: 0.00325729
[indoor_localize] The icp.trans is 
   0.0571869     -0.99839 -0.000379753    0.0166331
    0.998391    0.0571769   0.00100234      1.33678
-0.000978674 -0.000436386      1.00002  -0.00502748
           0            0            0            1
[indoor_localize] ICP fit score: 0.00324379
[indoor_localize] The icp.trans is 
   0.0580351    -0.998343  -0.00054217    0.0168021
    0.998343    0.0580246   0.00151351      1.35797
  -0.0014791 -0.000628849      1.00002   -0.0047858
           0            0            0            1
[indoor_localize] ICP fit score: 0.00326023
[indoor_localize] The icp.trans is 
    0.057799    -0.998356 -0.000524822    0.0176029
    0.998356    0.0577877   0.00208077      1.38042
 -0.00204662 -0.000644023      1.00001  -0.00472614
           0            0            0            1
[indoor_localize] ICP fit score: 0.00338959
[indoor_localize] The icp.trans is 
   0.0569396    -0.998405 -0.000301544    0.0186424
    0.998405    0.0569285   0.00225963      1.40387
 -0.00223848 -0.000429439      1.00001  -0.00395114
           0            0            0            1
[indoor_localize] ICP fit score: 0.00344094
[indoor_localize] The icp.trans is 
   0.0552606    -0.998501 -0.000209627    0.0204234
    0.998501    0.0552496   0.00194908      1.42912
 -0.00193409 -0.000316576      1.00001  -0.00374833
           0            0            0            1
[indoor_localize] ICP fit score: 0.00333872
[indoor_localize] The icp.trans is 
   0.0537779    -0.998582 -0.000166836    0.0226449
    0.998584    0.0537674  0.000960594      1.45443
-0.000949794  -0.00021788      1.00002  -0.00296146
           0            0            0            1
[indoor_localize] ICP fit score: 0.00313565
[indoor_localize] The icp.trans is 
   0.0527181    -0.998639 -2.39301e-05     0.024537
    0.998641     0.052708  0.000384721      1.48039
-0.000382497 -4.39582e-05      1.00002  -0.00313799
           0            0            0            1
[indoor_localize] ICP fit score: 0.00323757
[indoor_localize] The icp.trans is 
   0.0518217    -0.998686  0.000318654    0.0253849
    0.998688    0.0518116  0.000148218      1.50619
-0.000164157  0.000310683      1.00002   -0.0024923
           0            0            0            1
[indoor_localize] ICP fit score: 0.0029212
[indoor_localize] The icp.trans is 
   0.0485627    -0.998851   0.00043571    0.0268114
    0.998854    0.0485522 -0.000105263      1.53549
 8.44154e-05  0.000440537      1.00002  -0.00285831
           0            0            0            1
[indoor_localize] ICP fit score: 0.00268251
[indoor_localize] The icp.trans is 
   0.0460579     -0.99897   9.4394e-05    0.0265434
    0.998973    0.0460468 -0.000457444      1.55865
 0.000453048  0.000115551      1.00002  -0.00253113
           0            0            0            1
[indoor_localize] ICP fit score: 0.00189721
[indoor_localize] The icp.trans is 
   0.0431943    -0.999097 -0.000747207    0.0266692
    0.999101    0.0431837 -0.000429031      1.58272
 0.000461343 -0.000727813      1.00002   -0.0019836
           0            0            0            1
[indoor_localize] ICP fit score: 0.00194944
[indoor_localize] The icp.trans is 
   0.0406178    -0.999206 -0.000864475    0.0269637
     0.99921    0.0406076 -0.000744831      1.61126
 0.000779793 -0.000833337      1.00002  -0.00246981
           0            0            0            1
[indoor_localize] ICP fit score: 0.00164319
[indoor_localize] The icp.trans is 
  0.0369769   -0.999346 -0.00135287   0.0307456
   0.999349   0.0369682 -0.00130315     1.64564
 0.00135273 -0.00130353     1.00002 -0.00226663
          0           0           0           1
[indoor_localize] ICP fit score: 0.00157665
[indoor_localize] The icp.trans is 
  0.0348737   -0.999421 -0.00171548   0.0324967
   0.999424   0.0348663 -0.00151245     1.67641
 0.00157185 -0.00166145     1.00002   -0.002455
          0           0           0           1
[indoor_localize] ICP fit score: 0.00152582
[indoor_localize] The icp.trans is 
  0.0329495   -0.999486 -0.00219957   0.0333123
    0.99949   0.0329417 -0.00101622     1.70404
 0.00108861  -0.0021647     1.00002 -0.00199452
          0           0           0           1
[indoor_localize] ICP fit score: 0.00147433
[indoor_localize] The icp.trans is 
  0.0322286   -0.999509 -0.00234099   0.0333051
   0.999514   0.0322216   -0.001308     1.73031
 0.00138322 -0.00229746     1.00002 -0.00224201
          0           0           0           1
[indoor_localize] ICP fit score: 0.00167098
[indoor_localize] The icp.trans is 
   0.0305433    -0.999563  -0.00220413    0.0358907
    0.999567    0.0305357 -0.000823009      1.75906
 0.000890422  -0.00217766      1.00002  -0.00174399
           0            0            0            1
[indoor_localize] ICP fit score: 0.00137907
[indoor_localize] The icp.trans is 
   0.0296624     -0.99959  -0.00210571    0.0368801
    0.999594    0.0296543 -0.000666248      1.78387
 0.000728879  -0.00208467      1.00002  -0.00198606
           0            0            0            1
[indoor_localize] ICP fit score: 0.00154327
[indoor_localize] The icp.trans is 
   0.0278382    -0.999643  -0.00209093    0.0367752
    0.999648    0.0278302 -0.000874929      1.81238
 0.000933268  -0.00206548      1.00002  -0.00208568
           0            0            0            1
[indoor_localize] ICP fit score: 0.00141188
[indoor_localize] The icp.trans is 
   0.0264153    -0.999683  -0.00164923    0.0366802
    0.999687    0.0264066 -0.000695306      1.83779
 0.000739084     -0.00163      1.00002  -0.00201603
           0            0            0            1
[indoor_localize] ICP fit score: 0.00124391
[indoor_localize] The icp.trans is 
   0.0256372    -0.999706  -0.00121085    0.0358626
    0.999709    0.0256283 -0.000896544       1.8648
 0.000927792  -0.00118704      1.00002   -0.0021392
           0            0            0            1
[indoor_localize] ICP fit score: 0.00123717
[indoor_localize] The icp.trans is 
   0.0255496    -0.999708  -0.00109886    0.0371165
    0.999711    0.0255401 -0.000826834      1.88881
 0.000855061  -0.00107705      1.00002   -0.0016583
           0            0            0            1
[indoor_localize] ICP fit score: 0.00141609
[indoor_localize] The icp.trans is 
   0.0242323    -0.999742  -0.00111462     0.036171
    0.999745     0.024223 -0.000833623      1.91121
   0.0008608  -0.00109376      1.00002  -0.00205652
           0            0            0            1
[indoor_localize] ICP fit score: 0.00175602
[indoor_localize] The icp.trans is 
   0.0233142    -0.999764  -0.00141927    0.0361038
    0.999767    0.0233051 -0.000951248      1.93925
 0.000984354  -0.00139661      1.00002  -0.00172957
           0            0            0            1
[indoor_localize] ICP fit score: 0.0018586
[indoor_localize] The icp.trans is 
   0.0222287    -0.999789   -0.0017511    0.0362524
    0.999793    0.0222196  -0.00103522      1.96663
  0.00107413  -0.00172763      1.00002 -0.000858149
           0            0            0            1
[indoor_localize] ICP fit score: 0.00194382
[indoor_localize] The icp.trans is 
    0.021835    -0.999798  -0.00182006    0.0363722
    0.999802    0.0218262  -0.00137084      1.99279
  0.00141049  -0.00178973      1.00002 -0.000506507
           0            0            0            1
[indoor_localize] ICP fit score: 0.00208328
[indoor_localize] The icp.trans is 
   0.0208086     -0.99982  -0.00196364    0.0376633
    0.999824    0.0208001  -0.00140252      2.01843
  0.00144332  -0.00193408      1.00002 -0.000410426
           0            0            0            1
[indoor_localize] ICP fit score: 0.00207751
[indoor_localize] The icp.trans is 
  0.0201384   -0.999833 -0.00189878   0.0396121
   0.999837   0.0201317 -0.00198468     2.04819
 0.00202289  -0.0018585     1.00002   -0.000501
          0           0           0           1
[indoor_localize] ICP fit score: 0.00181653
[indoor_localize] The icp.trans is 
  0.0195681   -0.999844 -0.00192867   0.0395547
   0.999848   0.0195612 -0.00200109     2.07616
 0.00203878 -0.00188924     1.00002 -0.00144356
          0           0           0           1
[indoor_localize] ICP fit score: 0.00148302
[indoor_localize] The icp.trans is 
   0.0195553    -0.999844  -0.00178629    0.0393997
    0.999851    0.0195454 -0.000334093      2.09986
 0.000369267  -0.00177951      1.00002   -0.0019932
           0            0            0            1
[indoor_localize] ICP fit score: 0.00141922
[indoor_localize] The icp.trans is 
   0.0195291    -0.999846  -0.00119022    0.0405553
    0.999852    0.0195181  9.19203e-05      2.13322
-6.84471e-05  -0.00119198      1.00002  -0.00242781
           0            0            0            1
[indoor_localize] ICP fit score: 0.00130266
[indoor_localize] The icp.trans is 
   0.0205478    -0.999826 -0.000730506    0.0408106
    0.999832    0.0205356  0.000445807      2.16587
  -0.0004305 -0.000739691      1.00002  -0.00224989
           0            0            0            1
[indoor_localize] ICP fit score: 0.00122349
[indoor_localize] The icp.trans is 
   0.0222283     -0.99979 -0.000566102    0.0411202
    0.999797     0.022216  8.37255e-05      2.19056
-7.09747e-05 -0.000568071      1.00002  -0.00190698
           0            0            0            1
[indoor_localize] ICP fit score: 0.00126942
[indoor_localize] The icp.trans is 
    0.023526    -0.999761 -0.000520616    0.0420075
    0.999768    0.0235134  0.000251592      2.21917
-0.000239129 -0.000526674      1.00002  -0.00179804
           0            0            0            1
[indoor_localize] ICP fit score: 0.0012364
[indoor_localize] The icp.trans is 
    0.024802    -0.999731 -0.000331636    0.0424518
    0.999739    0.0247887  0.000337156       2.2444
